#dipole v_rms = 188.535057
#    i        r    theta      phi      v_x      v_y      v_z      S_r
     0    50.12     3.57  -178.21  -172.24   346.78   122.12  1541.03
     1    79.64    37.46  -140.01  -150.80   -71.08  -212.58  -600.86
     2    72.37   -37.20  -147.17    84.76  -160.52  -125.91   404.97
     3    65.72    31.54  -149.86   -22.77   -66.66   -67.76  2537.24
     4    51.61    -5.21   160.46   -19.80   -95.12   316.64  -193.30
     5    58.13   -36.25   180.00   113.58   -92.11   -45.33 -1442.87
     6    66.31   -44.98   178.09  -191.10    99.38  -176.73  1025.41
     7    71.94   -44.03   154.98  -217.41   -78.59  -160.57  -183.43
     8    58.15    22.10   150.46    29.39  -172.51   -47.78  1522.21
     9    61.83    10.19  -138.12  -123.93  -163.80  -228.00  -917.85
    10    65.36    45.82  -174.09  -207.52   351.47  -140.99  -205.17
    11    62.19   -30.17  -144.46   -19.85  -307.98    73.35    35.01
    12    62.05    44.84  -173.88  -150.22   372.73  -212.97  1516.08
    13    63.76    37.78   150.26    52.51   -37.84  -325.20   901.24
    14    47.11   -11.48  -156.04   169.24   149.75   124.18   539.86
    15    44.00     0.00  -163.50    94.16   368.65   256.70   603.35
    16    46.82     9.60   156.04   112.32  -260.52    73.18   759.29
    17    46.93    -3.82   154.29    82.87  -359.11   307.27 -2765.06
    18    70.12    43.69   146.31  -147.22    64.40  -315.34   201.77
    19    64.40     4.17   131.05   -26.41  -185.30   108.46   296.83
    20    62.34   -48.75   171.25  -193.67   171.69  -241.12   390.33
    21    41.40     2.16   169.11   -59.17   157.66   116.20   246.34
    22    76.82   -37.61   131.88  -220.76   133.86  -120.94 -1404.13
    23    63.62   -51.80  -173.16    44.46   190.55  -313.80  1333.54
    24    50.05   -38.64  -177.71  -106.98   -44.77   -15.79  -389.31
    25    61.32   -11.76  -128.66   166.15   -30.71    68.91 -1249.41
    26    43.75    25.38  -161.57    17.22    85.81  -381.36 -1946.80
    27    37.66     2.38   175.24   -62.00   436.47   221.65   246.89
    28    41.72    24.33   170.54  -282.11   245.34  -214.15 -1835.04
    29    41.37    10.89   157.38  -104.40   -26.55    -4.71   313.59
    30    74.25    37.61   129.61   -93.16   130.78   -34.45   287.82
    31    61.75     4.35  -125.71   -73.12   -67.16   -18.11   374.64
    32    44.69    31.63   160.82  -182.76   214.50  -187.44 -1098.23
    33    54.98   -25.23  -133.73   244.95  -236.28     1.94 -2339.30
    34    59.25    45.40  -145.71  -120.09  -177.41   242.44  -768.77
    35    61.08   -50.13  -151.39     0.10  -194.53     9.83   183.39
    36    36.38     7.40  -162.35  -155.52   159.98   172.82  -410.83
    37    35.25   -12.80   180.00    -9.81   332.86   298.11  -802.24
    38    62.36    36.96  -131.19   190.06  -180.34   272.40   975.40
    39    43.67    -8.23  -139.40  -143.76  -227.16   369.44   657.55
    40    38.31     9.39  -150.26  -320.99    92.56   -35.82   -26.60
    41    36.34   -20.12  -164.05    61.59    19.87   188.27    82.30
    42    54.26   -51.03   164.05  -202.15    63.61  -552.21   722.53
    43    60.94   -34.34  -126.16   167.23   -36.76   -28.42   718.68
    44    51.99   -48.71  -149.93  -136.06  -218.81  -129.39  2286.65
    45    43.81    10.27   133.53  -134.40   -72.30   290.50   277.00
    46    68.07   -45.36   128.37   -74.64   213.51   -39.44 -2857.58
    47    62.03   -37.20  -124.70   136.51   -66.19    29.31   962.27
    48    34.83    35.67   173.66  -403.30   298.58  -137.10  2113.70
    49    39.65   -39.09   156.04  -379.84   292.56   314.88  -596.47
    50    32.17     0.00   150.95  -275.52  -137.21   166.29   988.86
    51    46.51   -44.87   148.57  -260.18   172.50   245.90    10.36
    52    56.96    26.03   121.26    17.92  -151.97  -124.17  -940.41
    53    63.64   -34.38   120.38   196.59   230.45   154.29    75.74
    54    54.37   -14.99   120.38   109.59    99.73   258.51  1179.85
    55    25.24    -7.11   176.42  -114.24   328.84   378.00  1812.72
    56    54.35   -50.91   136.85   -82.69   -12.31   -33.62  1082.59
    57    48.91    35.10   128.66   244.37  -219.81  -211.46  -791.59
    58    43.89    -4.08   124.82   -98.14   138.70   -15.49  -241.18
    59    51.61    -8.71  -117.35  -125.39  -281.31    50.76    33.81
    60    46.22    39.96  -131.42  -175.82  -124.32  -313.35  1007.76
    61    26.61    13.59  -154.98   -82.52   282.39   -40.66  1316.99
    62    55.07    28.84   114.90    -4.67   -64.14  -159.76  -296.54
    63    57.81   -34.58  -113.20  -163.00  -145.83    54.40   480.01
    64    66.80    40.91   111.80    38.76    16.44    86.74   865.06
    65    48.56    -3.69  -110.77   -10.42  -287.16   -13.93  -480.29
    66    41.75    17.42  -115.56   -29.83  -307.51  -183.84  1355.50
    67    18.09    15.02   169.70  -109.48   220.77  -276.63 -1183.71
    68    23.23    32.56   151.39  -276.59   296.43  -180.27   549.53
    69    33.48   -52.51   147.53   -57.89    39.28   178.56  1167.46
    70    36.48    50.45   137.73   -59.36   397.09  -209.18  -195.14
    71    50.70    53.25   124.51   177.05    61.59  -369.67    51.08
    72    52.38     0.00  -107.35   -10.18  -272.92  -209.01   623.99
    73    41.72    39.54  -119.05  -173.32    27.07   -36.48   177.46
    74    46.72   -25.77   111.80  -242.95   134.86   280.42   171.44
    75    18.88   -19.33   142.13   -87.57   -98.73   591.64   363.67
    76    39.09     9.20   111.37   -78.70   231.77    -1.08  1658.19
    77    44.22   -25.09   110.56  -278.46   290.40   212.41  -844.87
    78    48.54   -18.78   107.82  -195.24    52.70   259.79   -41.39
    79    55.57   -44.66  -108.43  -438.30  -332.26   -65.08  1619.05
    80    56.88    55.50  -112.83  -244.23  -446.90    40.94  1269.20
    81    60.13    48.90   108.43   141.69   216.73  -168.28  -761.72
    82    63.16   -45.84   106.50     6.20    95.18  -281.57   496.09
    83    44.33   -25.02  -103.50  -386.54  -242.75    91.37  -641.29
    84    26.88    27.71  -113.20  -227.75   -26.43   -23.27  -153.34
    85    26.88   -54.46  -126.87  -227.96   -11.65   239.35 -1111.47
    86    44.22   -12.24   102.53  -330.20   140.53   282.41   179.66
    87    40.59   -40.87  -104.74  -418.98   -46.27   101.20  -646.01
    88    24.51   -39.61  -114.44  -133.17  -120.96    53.87  -277.75
    89    29.36   -73.34   158.20   192.70   197.81    87.85   417.85
    90    36.51    58.86   114.44  -301.56   235.34  -100.95  1516.15
    91    67.69    43.82   -97.35  -219.82   -25.45  -246.91   127.25
    92    30.50    -5.88  -101.89  -207.82  -267.63   169.35   381.88
    93    45.42    68.25  -111.80  -102.22    38.60   -69.53  1698.36
    94    40.89   -66.49   106.70   -29.55    84.97    19.96  2257.34
    95    41.52    37.03    98.13   -99.76   117.87  -169.32   632.05
    96    40.29    75.80  -108.43   -54.71   307.35   163.97   379.28
    97    38.15    79.44  -116.57    48.36   272.00   246.09   517.69
    98    68.57    44.94    93.69  -392.05   -71.90  -278.40  -136.34
    99    22.15    80.93  -116.57   -24.62   137.15   -83.85   -56.04
   100    41.04   -40.33    92.86   -84.09   -24.69    -4.24 -2027.42
   101    25.05    -3.58   -90.00  -191.68    73.92    77.30   227.37
   102    37.79    82.87   -90.00    77.93   212.12   277.98  -159.69
   103    10.94   -90.00     0.00    -8.02   119.57   211.94   642.05
   104    28.17   -86.82    90.00     2.32   202.30   281.40  1510.18
   105    43.86    -4.09    90.00  -664.39  -202.60   135.42  -724.51
   106    34.45    50.46    85.91  -114.15    21.64   -91.67   157.51
   107    27.15     9.94   -83.29   -46.11   -56.64   -79.56 -1703.86
   108    50.53    73.44    77.47   174.73   209.39  -256.46  -998.79
   109    56.53   -41.56    85.76  -349.63  -181.38  -221.20   903.78
   110    36.88   -68.78    69.44   131.79   214.11   211.92 -2640.95
   111    30.70    54.53    74.74  -135.85   191.12    38.91   -88.04
   112    43.58    25.48    83.16  -155.24   -85.75   157.18  -909.72
   113    37.14    49.22    75.07   -18.57   127.32   107.45  -195.67
   114    51.09    55.67    77.47   136.95   -50.14  -287.62  -344.01
   115    46.22   -21.83   -79.51  -371.90    66.54    92.07  -302.73
   116    38.59   -58.24   -67.38   101.68   210.59   -14.78 -1489.59
   117    19.33    46.69   -45.00   118.76   148.04  -190.10   584.20
   118    50.29   -34.00    77.01  -326.18  -223.64   123.47  -651.71
   119    35.46   -12.73   -71.57  -138.93     0.36   326.04 -1053.99
   120    44.47    44.65    69.78   132.60    50.96   162.77  2416.02
   121    43.89    62.88   -51.34   220.02    25.89   115.23  1228.41
   122    50.90   -72.12    36.87   255.35    25.58  -348.13 -1044.37
   123    44.91    -8.00   -71.57   -38.79   102.43   254.06   398.90
   124    51.37   -52.26   -63.43   236.94   -29.62  -396.17   -66.77
   125    51.04   -71.63    29.05   125.15   -10.82  -367.84  1176.38
   126    51.87    19.35    73.30  -127.81   -31.31   251.07    43.18
   127    65.35   -36.71   -72.65   106.85  -173.64  -293.47  -230.91
   128    59.72   -31.55   -72.12    -5.52   -89.15  -106.50   376.68
   129    52.03   -57.22   -56.31   354.52   -44.22  -362.02  -181.26
   130    40.66    67.28    -5.71   153.08   218.02   -83.93 -1997.07
   131    21.31   -30.88   -19.98   148.50   450.42   143.77  -397.36
   132    27.86   -51.73     5.19   101.54   -46.19   -94.87  -872.01
   133    47.11   -11.48    66.04    -6.57  -206.50   185.03 -1266.51
   134    26.79    35.68   -21.04   159.30   471.88   220.74   -60.44
   135    32.89    45.45    28.30   398.02  -172.96   110.36  1187.59
   136    37.17    14.61    55.62   342.86   125.47   219.59  -780.17
   137    52.87    62.45    26.57     2.39   107.06  -247.71   727.24
   138    56.98   -19.21   -64.18   165.04  -185.33   322.46  -146.20
   139    61.02    50.19   -53.13   211.53    -6.65  -187.13 -1819.61
   140    39.84    48.18    28.07   375.21   -23.48  -132.69  -489.00
   141    70.35   -40.10    64.18   224.49    25.88  -204.62   682.13
   142    45.12   -14.03   -55.18   128.81  -271.73   292.96   858.93
   143    25.24    -3.55     7.13   364.89   215.47   154.25   544.26
   144    51.78     8.68   -58.74    47.44     4.09   314.88   443.15
   145    52.03    51.33   -35.22   -94.32  -105.75    89.36  -609.00
   146    49.68    36.70    48.18   397.44    61.33   146.97  1004.90
   147    48.49    13.04    55.78   349.14   -27.74   364.01  -794.00
   148    45.39    38.29   -37.87   157.07   -10.06   191.62  1386.12
   149    49.36   -52.31   -21.25   333.69   112.65   -55.54  -441.72
   150    42.07   -21.80    36.87   255.48  -171.49    97.03  -112.41
   151    67.93   -45.49    48.99   295.75  -230.97  -318.95   400.72
   152    61.71   -33.85    52.43   128.94  -108.50  -155.25 -1375.75
   153    60.13    46.68   -37.30   107.27  -241.48   119.32  1205.30
   154    40.44   -35.42     5.44    20.40   -42.60   187.93 -1224.15
   155    36.28   -17.55    18.43   411.63   136.99   395.46  1644.90
   156    37.76    19.33    15.26   360.45    93.15   -39.35  -268.75
   157    43.47   -23.29    30.58    98.85  -110.93   210.42 -2224.10
   158    53.31   -40.15    32.47  -144.75   -46.99   136.89  1153.59
   159    60.80    24.28   -49.57   242.32  -288.26    56.91  1763.01
   160    50.46   -31.76    33.11    17.92    -4.64   -51.81   655.19
   161    45.66    20.01    33.11   281.21   174.36    18.90  1417.85
   162    65.90    36.35    47.39    86.36  -105.06  -329.61    96.30
   163    61.12    22.55   -48.37   304.54  -399.51    56.76  1414.29
   164    54.22    20.23   -42.51   194.90  -325.64   121.11  -396.32
   165    44.77    29.25   -16.26   115.59   342.44    96.80  -814.84
   166    48.81    39.81     0.00   159.13   438.11    38.95  -880.58
   167    46.59    25.85    26.57   169.49   -84.12   337.28 -1024.88
   168    47.24    25.47    28.44   145.43  -145.71   292.31   -83.00
   169    53.10    -1.69   -42.61   538.07   -45.39   223.71  1605.13
   170    42.19    -4.25   -21.80   378.40   277.00   376.72  1193.79
   171    44.72    27.02   -11.31   196.02   404.15   -32.25  1186.50
   172    47.47   -34.03    -6.84   -35.22  -182.67  -291.46  -415.44
   173    54.15     0.00    43.83   390.88  -115.71   464.45  1183.76
   174    52.22   -38.93     0.00    -6.01  -311.93  -159.44  -970.40
   175    41.37    -6.51     8.75   433.67   199.67   396.55  1054.68
   176    67.80    32.01   -42.80   -30.73  -401.15  -133.33   660.59
   177    64.52    28.97   -41.63  -142.65  -424.81  -127.47  -950.19
   178    42.25     2.12    -2.12   223.34   298.68   186.19   310.74
   179    60.96   -45.87     6.34   100.92  -105.80  -314.85   389.23
   180    63.55    31.09    39.17   214.42   148.25   -40.57   520.00
   181    74.10   -26.28   -48.81   361.06   -94.45    67.60  1479.00
   182    66.46    -1.35   -48.81   344.17  -186.09   278.57   588.70
   183    54.87    11.50   -35.54    87.16  -221.24   100.41   558.25
   184    43.89     4.08     2.05   235.80   242.23   132.76   908.55
   185    45.20    14.00     4.09   346.19   402.62  -213.25  2164.09
   186    52.34    22.84    24.90    52.23   -78.02   156.51 -1830.60
   187    57.83     0.00   -38.42   412.32  -105.66   106.52  1475.28
   188    72.04   -42.25   -31.83   -11.25    42.50   -82.80    33.10
   189    67.22   -46.10    13.57   156.59   -46.32  -229.87 -1739.61
   190    50.70    -7.08    25.77    58.62  -152.93   403.44  -204.65
   191    67.84   -16.04    45.97   349.76    26.00    45.11  2105.93
   192    69.77    -3.85   -45.91   403.28    50.97   160.35 -1385.40
   193    78.70    36.56   -39.99   -63.70  -128.77   -24.83   633.74
   194    59.33   -31.78   -16.19  -160.95   253.53  -114.21   359.98
   195    62.54    38.65     7.35  -319.68   130.91  -258.74   695.60
   196    54.24    16.74    21.16   305.07  -249.93    26.72 -1462.96
